305.83252152099124 137.6370619698798 109.45960413666742 95.85583463262809
268.95906539753753 124.47877435963348 108.3157311662896 99.70067866720765
259.72154076062895 117.00531492882382 108.8574308307318 98.45449755324104
271.5932758330606 102.18008385171498 102.82724994673279 104.7434694578249
284.2707091451166 76.33710350723538 97.94803601732293 109.96311010894232
291.82290179378913 64.18597142719622 92.3700932477489 114.42123898459681
286.7588718959558 65.15338591866731 86.81415588917964 118.43580947293759
286.371898633274 63.16268244981393 82.27676542037219 120.84175740719587
292.5188314197589 63.75730716051157 77.70928114928222 123.50388118144878
306.03519899773346 70.25487577990032 73.2045096316388 125.91075390666055
315.97053149771625 71.83698828560705 70.55483004427087 128.22905758177052
316.00983682812375 76.60749863617147 68.59025975821174 128.9177512742574
306.28635244442535 90.05819536143733 67.84147733542295 127.52091066491221
293.60147250605667 105.31295043054483 67.0952036580832 124.00554305904583
293.6570283134837 110.70702918275748 67.04759057749135 122.42750766308
293.4990339053612 112.53496780175855 67.28766022752893 121.14816250286717
290.65564969273635 108.27265163494694 68.32423400785073 119.89698268744255
280.41194350421966 107.91187336705107 68.21239559142707 116.96523035482608
270.393173276168 109.96424316505777 70.67204374406356 112.49509288827207
258.3081066469504 105.3234454452173 72.26263484246454 109.54670118348278
245.7075973415176 99.48160593433985 74.00443256709971 107.25641837509852
238.21906839669163 93.80347216885949 74.44940885274778 106.44609903014374
232.35289103862937 93.14691336945012 76.48804847335228 103.3850696906385
220.6652041563828 99.40759243491013 78.36984618804071 98.82218953365646
209.56943574497802 110.75525044784266 79.51265979002505 95.93499423533046
206.10281376084276 114.6694968387865 80.95176074910981 93.19254767231484
205.6634369181617 125.03098520169397 81.86707714919766 91.73257906417571
203.50318561180183 136.67819453561805 83.34409154551726 90.33015677999455
202.4296097647832 147.91304931393836 84.08672642341529 88.56773787276799
198.30800619269885 162.86627407235932 83.57574121528903 86.49486455831864
193.90225692400946 173.83208402140696 83.45869570817318 85.34397204669794
199.55898235917348 182.22313995830876 82.18385434254488 83.83120641007697
203.3247583298562 185.5216680047069 81.16942419301901 82.66410866078655
202.59214878754915 196.37627444969246 80.29087253521675 81.55632857110841
200.92466135126614 200.8336036468255 79.81896049639056 80.0760764573599
206.7510052138841 200.78142616477214 78.90422881821274 78.81067245788168
210.81573280287915 190.77707477541912 77.76870922524458 77.69173165138264
210.3854499151289 176.59593173852664 76.70761374300126 76.32629174250161
213.98496988925376 172.2566038462291 75.67786958256286 75.1461294728975
218.8940073389291 169.77932809002675 74.75658518766774 74.17178360447332
220.6046304534004 163.74063326316409 73.72499740980544 73.32507619704141
224.48645542089284 154.7257029731317 72.15102900481935 72.88471239661307
230.99095804895302 151.58798013569424 70.49110574180199 72.24060002323968
236.49933136629284 151.62774338581872 68.90122087012286 71.70958949846602
239.22443738806516 152.42003529732256 67.09909728177843 71.26655597796386
244.04844423911814 147.2490067682185 65.0634655147921 71.2405452947779
248.79911832736258 141.2285188459476 63.13828206074586 71.62104254740075
251.18708329162 136.11186977522885 60.87427449169754 71.75485529149941
243.40041159388034 135.0519390679361 58.7866033302921 71.10689968566864
243.236617199019 115.4204944347464 57.634694091259604 70.49366743105193
238.5462077785764 101.9347131415965 56.905082214676526 69.31946280543767
230.6319221065488 96.52200237429867 56.199819101334256 68.24838279889563
228.07830138854817 89.7747078258029 55.777122793194906 67.36559724683931
234.2994605962192 71.32641487993286 55.62370475321907 66.22217459365753
237.0641509445046 64.8642569354071 55.48901600077056 65.29907837333407
237.08044897830052 68.25704019104761 55.154824662545025 63.170672144188046
232.1004489104628 70.22821305639481 55.10233261834984 61.277717683177485
234.67034715998636 70.37664419176257 55.17167165168189 60.247224755245924
237.58873040535923 78.66343432147795 54.38125754741078 59.32258935055147
235.7040340202708 97.8331778405572 53.896146113791275 57.58871220619181
234.57096718401482 110.1204826569302 53.331621588900276 56.354953403523915
231.63035656852867 119.80730683987655 52.6480640150935 55.855282698764064
230.6303434642374 131.76402973480862 52.114399294263166 55.17866857393898
229.8212631983053 130.74990789880238 51.72412362312444 55.936729994021235
216.29189217544842 130.46200284696778 51.095571662490556 56.093796099878155
203.86791991861816 123.00603107438826 51.2244362048376 56.55950303462458
197.24591689593345 99.04386788485036 52.23122720809276 56.99796286706953
187.23467924179272 88.04713209456528 53.58702313405 57.167007796638686
173.66384712790278 93.03209090381165 53.98229797279177 56.05401137412984
158.379133213755 103.17234209093154 54.4887279830942 55.37254617030023
146.79104414681044 98.32133278710474 55.37056026127044 56.18794330273412
141.78536185132953 87.17677685471179 57.57884572396689 57.723917579019016
141.93622158902457 81.11268036873352 58.848461564281166 60.34979502973533
140.9150204076609 76.97413964698575 59.9544622021931 62.72191107253509
141.91072054129612 77.6065362161047 60.6056407751784 64.29978241450652
140.39331840787645 87.905682279405 61.53598766363028 65.67519367230534
143.09301828719796 90.33290047010445 63.26881961732856 66.89325132090521
149.2646329435427 91.72069118373011 64.14697339942671 68.17712910309604
154.0996926175158 93.56266767151004 64.59357520473975 69.40388312445391
154.47497618289844 85.58925472940899 64.9895971147307 70.48407559343381
151.64237298610897 94.07684795640591 64.87306522705966 69.77621930911774
147.8287921897649 108.85521760802982 64.61470159315479 69.58422228492263
142.20797688520614 104.12192145335912 63.619565387086766 70.62196632766248
142.97419830746207 93.33428269879491 63.21133576126387 71.24073329296766
147.08938803620597 89.39205621370621 62.37599395483808 71.36806708437307
149.82523320080475 92.71954768514573 62.22795398574793 70.49134771037222
152.77551583213298 93.50388132837332 62.22912736673773 70.28028027838634
155.70981980956395 95.75086362201426 62.75755596430495 69.69264675342134
161.33824246230427 98.37558692085659 63.294594936168096 68.49708895349669
167.16880415825324 102.1473544505468 63.64313798714126 66.70376227195442
172.49155891299338 111.18468402649172 64.23077514514144 66.02980273554309
179.0754826392516 119.27438106728879 64.76005980322073 65.23981771919554
183.38994954195223 123.38712252329975 65.83558900288533 63.788055071608426
192.49350409175628 129.61236665094927 65.75381178193938 63.6781944865975
199.21661223309297 130.36998243436932 66.1182501394637 63.16849256186248
196.4221243099316 144.381904475899 67.52527017142489 62.72753803568786
192.1188811664842 154.30589699885059 68.78305736545471 63.30602851468704
193.16791098754157 149.80522618575537 70.12812559389968 64.10794825824811
193.8975471276612 138.8646947222424 71.80419686529618 64.34519709835999
188.3315561063977 130.88430769014866 73.11041711277919 64.45144750379502
180.07409938032828 126.47676758174495 73.69573557132675 64.04368741145935
176.74865185055938 123.08360218248434 74.66447406805933 64.14439456419811
175.52478567232345 121.26219254299443 75.44655879860804 64.47938517839827
174.54898592353936 124.3554151055263 75.51870368344433 64.60620299278764
173.2324877255311 126.26743256868964 75.53810006382058 65.04034916158426
170.05858095013397 130.5293400053793 75.08258843837581 65.2958588197601
167.28191681846042 137.75529502453517 74.47934006826954 65.00084727998352
166.84980442764646 138.00135966741283 74.73844019751175 66.17205307914341
172.96678860309123 129.43639856092153 75.06119925598502 66.82324985877639
188.2842338501929 119.9911620053035 75.19473947162055 67.78612592411402
183.33138291926502 112.26967931486648 75.77481305283665 69.7149292413894
173.37635567199214 102.58296245018995 75.95725982033163 71.4203503517239
168.4986636385002 88.17278152259904 76.92914893797467 73.1503324919399
163.25436703935003 71.94582058371023 78.38339078739808 74.37121260641186
146.17929105639965 59.90330334608025 78.66446697815236 75.14220212927924
128.3981089749911 52.45388384803602 78.41172951743431 75.68923162371975
119.79173870679173 44.08129981540894 80.05101233593753 77.32270058466483
123.28857473283553 38.754500638213656 81.77677025363752 79.05564559585471
125.48498636720305 47.67889409350049 83.55066403736221 80.64116006162382
117.16623498960027 53.64725350407407 84.263817961391 80.89298265283017
104.93408708893692 57.923592013979835 84.8455454033427 81.08389408058945
102.3158110651185 72.75889783688204 86.80195180583794 82.47467235788073
112.0207658114359 83.76179142541778 89.21647850094728 84.64350867018914
114.50715790859618 87.26782246655372 91.32234478117505 85.833027589199
116.04783500064178 90.86008299100845 93.6899017871168 87.17495860480369
115.43545602659609 89.08055676212277 96.63731062079016 89.43884600062437
115.18194369559339 86.06931780703718 99.42997194623247 91.57362526043546
122.68931883127146 82.78212160544524 102.18286464972982 92.79418637242058
130.58323322183963 76.51854867115345 105.06474793524384 93.93369319528884
132.05818919875986 73.39684636936374 108.13621306804279 95.49841356424913
129.14337172600796 74.3791231456832 109.88089899697559 97.42362169793529
127.58560923427419 73.83892843999111 111.7928269116565 98.72233162805153
128.9135868074826 70.90940386675508 114.17447800455855 99.87094252302822
127.48458993565328 68.28930234866027 116.18303248487335 101.45076424207919
123.30293367028625 65.12236437426316 117.5943029127937 103.06930863646056
119.17151087291354 61.430735526830425 119.15730271667607 104.63467473357822
119.66751882771194 59.68609969459416 120.68609383489604 106.4299521143746
121.5178009227001 62.72634739639784 121.5890729264749 107.85982028956363
120.45070478380217 65.51849717758776 122.78412822230668 109.19721548273799
120.03590782213824 71.00056610700656 123.80851668127141 110.05514011627099
124.65776130039714 75.34843737441263 125.15302746004413 110.74625652158338
129.2890944945588 75.80908013314146 127.05267739404748 111.86738090097629
127.95965218916903 67.48977368496847 129.73574335403 113.93488116457081
130.43510432522402 61.24888404876132 131.86827366367666 114.99036515652857
147.2766172543301 51.89701948284159 133.40336838041566 116.14276181461314
149.20313194993105 48.84909888052548 134.168856388048 117.43154039336035
139.7711235106022 50.48493800516976 135.2979623017399 118.90714369543288
130.73458962419045 53.04529835880937 136.22066996714148 120.06339480517026
134.05054519073758 53.02107670532987 137.48437345807065 121.37641812349706
146.60056598927275 56.80379750747983 138.5049449591448 122.53484965762487
142.6980207621953 64.95283640241149 138.89285821298233 122.51673631478303
137.67782328727804 73.82136639921838 139.25504958005317 122.56323230566633
135.37710336376543 78.87812055142209 139.74964881657428 124.20099048075112
138.8290488985707 82.46177387629305 140.50589969184898 125.60153108290127
145.45350789893916 87.5363349561063 141.26841910718872 126.44571222222496
154.50077213843426 95.14794682205198 143.68519357619658 128.67260560153966
148.9343862146155 94.57365594928402 145.1099576113341 131.1472688614341
135.9313674919658 100.17843463622427 146.1120487523122 131.97504020764637
138.376588091705 102.27593769836386 147.3470238316729 133.63301040554126
149.66150602586532 94.85397132817872 148.7595240076638 134.947433601539
155.78962246919926 83.80931250288609 150.25689505623762 136.58743904204124
148.58308310677188 74.04804344257892 151.97752230404163 137.96191159563898
136.14232695093577 74.84863583105479 153.09989269371675 139.06397841895273
136.3362997531058 78.44566774652229 153.3098970114615 140.20791488556412
145.95467738984865 79.36115255957257 153.55967585662813 141.02186465491033
154.51152967077013 76.76807323161225 154.20936660423342 141.99968648069182
155.75385098900347 74.47040380292785 155.489504250741 142.65211132896638
154.74427538072143 74.89064571554847 156.40788976219642 143.47770833620652
152.42670794184056 77.07296165246647 157.30603895651703 144.02376200161612
145.53704148574408 77.97074236979756 158.31046475658837 145.0362049462264
137.79326524782783 84.30609384063787 158.95257732153223 144.6863504695116
133.89257049260124 86.15631832314045 159.86787273866264 145.4457603988546
128.91351192838556 86.331489799615 160.9608193882732 146.01686853767185
125.50964300991559 90.59878409129936 161.5256272897578 145.80851095711074
125.97402988548284 94.88433940342497 161.2289001785426 145.9134877123151
126.80383882989092 94.94556279146641 161.5229265653917 146.3084817917353
122.70795589860673 93.23731819911606 162.46428330167836 147.02396146448837
120.15470136375117 92.30814039935021 163.45197694933137 147.3488285519809
124.43381195259781 89.42206424422072 163.8207920570385 147.68008387432482
131.57108480013653 85.90702904042604 163.48360617183653 147.89842342025037
134.16083982136612 86.32481832928083 163.66707363410757 147.76459398852543
132.9574031261609 87.19038777093031 163.96114809530357 147.72356519262118
132.18861468829644 85.07294642331934 164.15229490778478 148.0498687767439
133.0075265930231 81.94122018145967 164.64756922378922 148.13049712563657
131.86165111846688 82.95124159673266 164.90502985918096 148.10734364788905
127.2513569202849 82.41097342495593 165.30837658684374 148.1841415881222
126.27921354463817 79.46546422182499 165.81060060257965 148.5129222548211
127.06420878399844 79.46838128381962 165.67574370025224 148.49824967191378
127.09213959117766 80.7960504851391 165.74052236375636 148.39355638226615
126.67735286835966 83.57561119422834 165.70631632416666 148.10960242929764
123.80387546315279 86.64036459928202 165.91882489510897 147.7898871841317
122.35232200643141 91.17152709378448 165.90573093231578 147.3439142764256
122.9970136622285 92.95807633000315 165.73393959784104 147.26929540870933
124.90490670571157 93.26779937590572 165.36008428174893 147.3128934715482
124.8235969901949 94.21844684804957 165.2984786238283 147.44194229824134
125.81028705466079 93.76656219286741 165.27495000780544 147.77701743431595
